185
0 -72.0, 5.0, 0.0
1 -72.0, -1.3333333333333333, 0.0
2 -62.0, -1.3333333333333333, 0.0
3 -72.0, 11.333333333333334, 0.0
4 -81.0, -5.0, 0.0
5 17.333333333333332, -1.3333333333333333, 0.0
6 15.0, -1.3333333333333333, 0.0
7 59.333333333333336, -7.666666666666667, 0.0
8 19.666666666666668, -1.3333333333333333, 0.0
9 -20.0, 1.3333333333333333, 0.0
10 12.333333333333334, -1.3333333333333333, 0.0
11 9.666666666666666, -1.3333333333333333, 0.0
12 7.0, -1.3333333333333333, 0.0
13 46.666666666666664, -5.0, 0.0
14 -3.3333333333333335, -1.3333333333333333, 0.0
15 -13.666666666666666, -1.3333333333333333, 0.0
16 -16.333333333333332, -1.3333333333333333, 0.0
17 -21.0, -1.3333333333333333, 0.0
18 9.0, -9.333333333333334, 0.0
19 -25.666666666666668, -1.3333333333333333, 0.0
20 -28.333333333333332, -1.3333333333333333, 0.0
21 -0.3333333333333333, -9.333333333333334, 0.0
22 -40.0, -1.3333333333333333, 0.0
23 -51.333333333333336, -1.3333333333333333, 0.0
24 -53.666666666666664, -1.3333333333333333, 0.0
25 -56.666666666666664, -1.3333333333333333, 0.0
26 -47.333333333333336, -7.666666666666667, 0.0
27 -59.666666666666664, -1.3333333333333333, 0.0
28 -53.333333333333336, -7.666666666666667, 0.0
29 -17.666666666666668, 1.3333333333333333, 0.0
30 -15.333333333333334, 1.3333333333333333, 0.0
31 -59.666666666666664, 7.666666666666667, 0.0
32 -13.0, 1.3333333333333333, 0.0
33 -10.333333333333334, 1.3333333333333333, 0.0
34 -7.666666666666667, 1.3333333333333333, 0.0
35 -47.666666666666664, 5.0, 0.0
36 -4.0, 1.3333333333333333, 0.0
37 -0.6666666666666666, 1.3333333333333333, 0.0
38 1.3333333333333333, 1.3333333333333333, 0.0
39 -35.333333333333336, 7.666666666666667, 0.0
40 3.3333333333333335, 1.3333333333333333, 0.0
41 5.333333333333333, 1.3333333333333333, 0.0
42 7.333333333333333, 1.3333333333333333, 0.0
43 -25.0, 7.666666666666667, 0.0
44 10.0, 1.3333333333333333, 0.0
45 12.666666666666666, 1.3333333333333333, 0.0
46 -18.333333333333332, 7.68, 0.0
47 38.333333333333336, 1.3333333333333333, 0.0
48 72.0, -5.0, 0.0
49 72.0, 1.3333333333333333, 0.0
50 72.0, -11.333333333333334, 0.0
51 81.0, 5.0, 0.0
52 -57.333333333333336, 7.666666666666667, 0.0
53 -56.333333333333336, 11.333333333333334, 0.0
54 -62.0, 7.666666666666667, 0.0
55 -55.666666666666664, -7.666666666666667, 0.0
56 -56.666666666666664, -11.333333333333334, 0.0
57 -50.333333333333336, -7.666666666666667, 0.0
58 -45.0, -7.666666666666667, 0.0
59 -50.333333333333336, 8.666666666666666, 0.0
60 -51.666666666666664, 7.666666666666667, 0.0
61 -50.333333333333336, 12.333333333333334, 0.0
62 -43.666666666666664, 10.333333333333334, 0.0
63 -46.333333333333336, 14.0, 0.0
64 -43.666666666666664, 6.666666666666667, 0.0
65 -42.333333333333336, 11.333333333333334, 0.0
66 -46.333333333333336, 10.333333333333334, 0.0
67 -47.666666666666664, 8.666666666666666, 0.0
68 -33.333333333333336, 7.666666666666667, 0.0
69 -32.333333333333336, 11.333333333333334, 0.0
70 -38.666666666666664, 7.666666666666667, 0.0
71 -27.0, 7.666666666666667, 0.0
72 -24.0, 11.346666666666666, 0.0
73 57.0, -7.666666666666667, 0.0
74 55.666666666666664, -11.333333333333334, 0.0
75 61.666666666666664, -7.666666666666667, 0.0
76 -15.666666666666666, 7.68, 0.0
77 -14.666666666666666, 11.346666666666666, 0.0
78 -21.0, 7.68, 0.0
79 42.666666666666664, -10.333333333333334, 0.0
80 41.333333333333336, -11.333333333333334, 0.0
81 45.333333333333336, -14.0, 0.0
82 42.666666666666664, -6.666666666666667, 0.0
83 49.333333333333336, -8.666666666666666, 0.0
84 49.333333333333336, -12.333333333333334, 0.0
85 50.666666666666664, -7.666666666666667, 0.0
86 46.666666666666664, -8.666666666666666, 0.0
87 45.333333333333336, -10.333333333333334, 0.0
88 -3.0, -9.333333333333334, 0.0
89 -4.333333333333333, -14.666666666666666, 0.0
90 4.333333333333333, -9.333333333333334, 0.0
91 11.666666666666666, -9.333333333333334, 0.0
92 -76.5, 5.5, 0.0
93 -63.0, 0.0, 0.0
94 -76.5, 9.5, 0.0
95 -76.5, 0.0, 0.0
96 -3.5, 0.0, 0.0
97 57.5, -4.0, 0.0
98 -2.0, 0.0, 0.0
99 0.0, 0.0, 0.0
100 -5.5, 0.0, 0.0
101 -7.5, 0.0, 0.0
102 -9.5, 0.0, 0.0
103 46.0, -4.0, 0.0
104 -11.5, 0.0, 0.0
105 -25.0, 0.0, 0.0
106 -27.0, 0.0, 0.0
107 -29.0, 0.0, 0.0
108 7.0, -4.0, 0.0
109 -34.0, 0.0, 0.0
110 -36.0, 0.0, 0.0
111 -7.0, -4.0, 0.0
112 -38.0, 0.0, 0.0
113 -53.5, 0.0, 0.0
114 -55.0, 0.0, 0.0
115 -57.0, 0.0, 0.0
116 -49.0, -4.0, 0.0
117 -59.5, 0.0, 0.0
118 -61.5, 0.0, 0.0
119 -58.0, -4.0, 0.0
120 1.5, 0.0, 0.0
121 3.5, 0.0, 0.0
122 -58.0, 4.0, 0.0
123 5.0, 0.0, 0.0
124 7.0, 0.0, 0.0
125 9.0, 0.0, 0.0
126 -47.0, 4.0, 0.0
127 11.0, 0.0, 0.0
128 14.5, 0.0, 0.0
129 16.0, 0.0, 0.0
130 -32.5, 4.0, 0.0
131 17.5, 0.0, 0.0
132 19.0, 0.0, 0.0
133 20.5, 0.0, 0.0
134 -23.5, 4.0, 0.0
135 22.0, 0.0, 0.0
136 24.5, 0.0, 0.0
137 -16.5, 4.0, 0.0
138 26.0, 0.0, 0.0
139 63.0, 0.0, 0.0
140 76.5, -5.5, 0.0
141 76.5, -9.5, 0.0
142 76.5, 0.0, 0.0
143 -59.5, 9.5, 0.0
144 -58.0, 9.5, 0.0
145 -61.5, 9.5, 0.0
146 -52.0, -9.5, 0.0
147 -53.5, -9.5, 0.0
148 -50.0, -9.5, 0.0
149 -47.5, -9.5, 0.0
150 -45.5, -9.5, 0.0
151 -51.0, 9.5, 0.0
152 -49.0, 5.5, 0.0
153 -51.0, 11.0, 0.0
154 -45.0, 13.5, 0.0
155 -43.0, 8.0, 0.0
156 -43.0, 9.5, 0.0
157 -47.0, 9.5, 0.0
158 -47.0, 13.5, 0.0
159 -47.0, 5.5, 0.0
160 -36.0, 9.5, 0.0
161 -34.5, 9.5, 0.0
162 -37.5, 9.5, 0.0
163 -26.5, 9.5, 0.0
164 -25.0, 9.5, 0.0
165 59.5, -9.5, 0.0
166 57.5, -9.5, 0.0
167 61.0, -9.5, 0.0
168 -18.0, 9.52, 0.0
169 -16.5, 9.52, 0.0
170 -20.5, 9.52, 0.0
171 42.0, -9.5, 0.0
172 44.0, -13.5, 0.0
173 42.0, -8.0, 0.0
174 48.0, -5.5, 0.0
175 50.0, -11.0, 0.0
176 50.0, -9.5, 0.0
177 46.0, -9.5, 0.0
178 46.0, -5.5, 0.0
179 46.0, -13.5, 0.0
180 2.0, -12.0, 0.0
181 0.0, -12.0, 0.0
182 4.0, -12.0, 0.0
183 9.0, -12.0, 0.0
184 11.0, -12.0, 0.0
186
0 92 1.0
1 92 1.0
0 93 1.0
2 93 1.0
0 94 1.0
3 94 1.0
1 95 1.0
4 95 1.0
5 96 1.0
6 96 1.0
5 97 1.0
7 97 1.0
5 98 1.0
8 98 1.0
8 99 1.0
9 99 1.0
6 100 1.0
10 100 1.0
10 101 1.0
11 101 1.0
11 102 1.0
12 102 1.0
11 103 1.0
13 103 1.0
12 104 1.0
14 104 1.0
14 105 1.0
15 105 1.0
15 106 1.0
16 106 1.0
16 107 1.0
17 107 1.0
16 108 1.0
18 108 1.0
17 109 1.0
19 109 1.0
19 110 1.0
20 110 1.0
19 111 1.0
21 111 1.0
20 112 1.0
22 112 1.0
22 113 1.0
23 113 1.0
23 114 1.0
24 114 1.0
24 115 1.0
25 115 1.0
24 116 1.0
26 116 1.0
25 117 1.0
27 117 1.0
27 118 1.0
2 118 1.0
27 119 1.0
28 119 1.0
9 120 1.0
29 120 1.0
29 121 1.0
30 121 1.0
29 122 1.0
31 122 1.0
30 123 1.0
32 123 1.0
32 124 1.0
33 124 1.0
33 125 1.0
34 125 1.0
33 126 1.0
35 126 1.0
34 127 1.0
36 127 1.0
36 128 1.0
37 128 1.0
37 129 1.0
38 129 1.0
37 130 1.0
39 130 1.0
38 131 1.0
40 131 1.0
40 132 1.0
41 132 1.0
41 133 1.0
42 133 1.0
41 134 1.0
43 134 1.0
42 135 1.0
44 135 1.0
44 136 1.0
45 136 1.0
44 137 1.0
46 137 1.0
45 138 1.0
47 138 1.0
47 139 1.0
48 139 1.0
48 140 1.0
49 140 1.0
48 141 1.0
50 141 1.0
49 142 1.0
51 142 1.0
52 143 1.0
31 143 1.0
52 144 1.0
53 144 1.0
31 145 1.0
54 145 1.0
55 146 1.0
28 146 1.0
55 147 1.0
56 147 1.0
28 148 1.0
57 148 1.0
57 149 1.0
26 149 1.0
26 150 1.0
58 150 1.0
59 151 1.0
60 151 1.0
59 152 1.0
35 152 1.0
59 153 1.0
61 153 1.0
62 154 1.0
63 154 1.0
62 155 1.0
64 155 1.0
62 156 1.0
65 156 1.0
66 157 1.0
67 157 1.0
66 158 1.0
63 158 1.0
67 159 1.0
35 159 1.0
68 160 1.0
39 160 1.0
68 161 1.0
69 161 1.0
39 162 1.0
70 162 1.0
43 163 1.0
71 163 1.0
43 164 1.0
72 164 1.0
73 165 1.0
7 165 1.0
73 166 1.0
74 166 1.0
7 167 1.0
75 167 1.0
76 168 1.0
46 168 1.0
76 169 1.0
77 169 1.0
46 170 1.0
78 170 1.0
79 171 1.0
80 171 1.0
79 172 1.0
81 172 1.0
79 173 1.0
82 173 1.0
83 174 1.0
13 174 1.0
83 175 1.0
84 175 1.0
83 176 1.0
85 176 1.0
86 177 1.0
87 177 1.0
86 178 1.0
13 178 1.0
87 179 1.0
81 179 1.0
88 180 1.0
21 180 1.0
88 181 1.0
89 181 1.0
21 182 1.0
90 182 1.0
90 183 1.0
18 183 1.0
18 184 1.0
91 184 1.0

